83 70 56 78
96 127 101 132
121 128 76 120
68 94 62 60
====================
129 144 118 24
136 153 106 42
150 134 143 45
164 162 154 30
====================
146 74 109 129
70 14 12 72
160 112 110 146
26 24 14 38
====================
130 147 67 103
134 102 71 112
88 129 70 61
115 123 34 95
====================
58 95 97 114
95 178 71 114
125 137 115 138
46 132 126 145
====================
78 51 76 71
131 63 147 91
93 72 93 96
64 54 51 83
====================
126 78 101 30
163 104 124 42
135 109 124 68
210 106 141 84
====================
